1759783911.035416 0.0 0.0 2.7800004360700736e-05
1759783911.135236 0.0 0.0 2.7800004360700736e-05
1759783911.2352612 0.0 0.0 5.5584776422923365e-05
1759783911.3352754 0.0 0.0 8.336650202545037e-05
1759783911.435284 0.0 0.0 5.5586365880155864e-05
1759783911.5353649 0.0 0.0 8.338663515039535e-05
1759783911.6354105 0.0 0.0 8.338663515039535e-05
1759783911.7352886 0.0 0.0 8.338663515039535e-05
1759783911.8353343 0.0 0.0 0.0001111771027677011
1759783911.9354334 0.0 0.0 0.00013898240531917683
1759783912.0353386 0.0 0.0 0.00013898240531917683
1759783912.1352758 0.0 0.0 0.00013898240531917683
1759783912.235255 0.0 0.0 0.00013898240531917683
1759783912.335468 0.0 0.0 0.00016681936456053315
1759783912.4354787 0.0 0.0 0.00022238082894404654
1759783912.5352974 0.0 0.0 0.00022238082894404654
1759783912.6353157 0.0 0.0 0.00025016368041211323
1759783912.7354512 0.0 0.0 0.00025016368041211323
1759783912.8352468 0.0 0.0 0.00027788467550288187
1759783912.9352715 0.0 0.0 0.0003056693151103351
1759783913.0353243 0.0 0.0 0.00027787686067148876
1759783913.1353736 0.0 0.0 0.00027787686067148876
1759783913.2353096 0.0 0.0 0.00027787686067148876
1759783913.335299 0.0 0.0 0.0003334265365805278
1759783913.435867 0.0 0.0 0.0003334265365805278
1759783913.535361 0.0 0.0 0.0003334265365805278
1759783913.63541 0.0 0.0 0.00036121793138121916
1759783913.735455 0.0 0.0 0.00041679846925152253
1759783913.8353434 0.0 0.0 0.00041679846925152253
1759783913.9353614 0.0 0.0 0.00041679846925152253
1759783914.0352921 0.0 0.0 0.00047231556128729535
1759783914.1353886 0.0 0.0 0.0004445109872370512
1759783914.2353046 0.0 0.0 0.00047226542715708697
1759783914.335244 0.0 0.0 0.0005000263573608221
1759783914.4353533 0.0 0.0 0.0005278345076898394
1759783914.5354207 0.0 0.0 0.0005278345076898394
1759783914.6353488 0.0 0.0 0.0005278345076898394
1759783914.7354186 0.0 0.0 0.0005278345076898394
1759783914.83579 0.0 0.0 0.0005278345076898394
1759783914.9359093 0.0 0.0 0.0005278345076898394
1759783915.0354576 0.0 0.0 0.0005278345076898394
1759783915.1353803 0.0 0.0 0.0005000782134030324
1759783915.2353532 0.0 0.0 0.0004723079451380563
1759783915.3353262 0.0 0.0 0.0005278484816680085
1759783915.4352956 0.0 0.0 0.00058338703137642
1759783915.535312 0.0 0.0 0.0005556047097274308
1759783915.635371 0.0 0.0 0.0005278105333765826
1759783915.7357829 0.0 0.0 0.0005835949191369538
1759783915.8353372 0.0 0.0 0.0005835949191369538
1759783915.9353366 0.0 0.0 0.0006391501581463066
1759783916.0353425 0.0 0.0 0.0006669295657903695
1759783916.1352918 0.0 0.0 0.0006114021422825855
1759783916.235359 0.0 0.0 0.0006114021422825855
1759783916.3354297 0.002043085545969044 1.2491470353210215e-06 -0.0009730508245523739
1759783916.4353578 0.025946617680896535 -2.2010211959154866e-05 -0.007468379727921942
1759783916.5353403 0.08019148605417273 -0.0004271390195386813 0.0008079492497235774
1759783916.6354413 0.1529107225944763 -0.00036838555415106975 -0.017182423606480285
1759783916.735421 0.23800511151805953 -0.0018306572989345879 -0.014516299833832541
1759783916.835365 0.3294373327732912 -0.003158008072887047 -0.023344696402655934
1759783916.9353967 0.4175212662209721 -0.005214674381220552 -0.027957265233090084
1759783917.0353894 0.5011288966462969 -0.007552724258967221 -0.024401967295438226
1759783917.1353528 0.5811873515328979 -0.009506695906949162 -0.02087547988200869
1759783917.2353818 0.6609237836596928 -0.01117147402751206 -0.02929458685228839
1759783917.3353927 0.743157317895669 -0.01358116078702446 -0.025516398360427545
1759783917.4352567 0.8274993283955991 -0.01573373231588795 -0.01661185812917823
1759783917.535249 0.9123920330210453 -0.017144087614697167 0.042050274372601976
1759783917.6352777 0.993719674950826 -0.013722220842233273 0.07658798086717708
1759783917.7353027 1.0769289198265062 -0.007336903076645939 0.09109159654442975
1759783917.835304 1.1693031684810389 0.0011009658758757467 0.0888137884162988
1759783917.9353504 1.2653971631936245 0.009657948272953739 0.08700739507189312
1759783918.0352943 1.362333340804863 0.018113460234848403 0.08559152353861185
1759783918.1352582 1.4623206232122543 0.026692484025024277 0.08928463449301413
1759783918.2352958 1.5579466754998372 0.03525318115098223 0.06588695674010334
1759783918.3352737 1.652093784149784 0.041465239265030124 0.0683308626425164
1759783918.435269 1.748217801241903 0.04804371800191712 0.07338618450812126
1759783918.5353045 1.8472795192567282 0.05532655820411895 0.07035733405039787
1759783918.635302 1.9471003939742424 0.06236130035101031 0.07221839916410419
1759783918.7353492 2.0468358725259 0.06957658508122529 0.07102339195824778
1759783918.8353097 2.1472684001355016 0.07672166192036774 0.07019038720174473
1759783918.935275 2.2495044481640254 0.08390945761107639 0.07499427687204649
1759783919.0353413 2.3506980447616854 0.09151265738318341 0.08900354283134879
1759783919.1353483 2.451002166884223 0.10046372779551913 0.09711522632254974
1759783919.2352645 2.550502973671382 0.11015726477973256 0.10080657562852488
1759783919.3352783 2.6527630257436194 0.12050081113304247 0.08961059385777057
1759783919.4353673 2.7551792111433606 0.12970303097824715 0.09283568624731595
1759783919.5353303 2.8581944151437257 0.13929408737320026 0.09091972967563064
1759783919.6353347 2.9593283029937067 0.14851457386478403 0.10350362094817198
1759783919.7352593 3.0603937733939595 0.15901273172611907 0.10636257370311783
1759783919.835256 3.161804851783706 0.16983993522626004 0.09683510021698902
1759783919.935293 3.2634158217719706 0.17971031462833575 0.10511592894784458
1759783920.0352492 3.364602320852704 0.190385976207964 0.10489380395887885
1759783920.135332 3.466192317281983 0.2010813923685786 0.09544153231511579
1759783920.2352877 3.5655058352610305 0.21058891252343165 0.1130725823322313
1759783920.3352435 3.6648332437057745 0.2218682303458366 0.12004172244471625
1759783920.4353423 3.766326328756287 0.2341104954015701 0.1121450350956136
1759783920.535283 3.867449871539729 0.2454987803545553 0.12338837219057389
1759783920.6352787 3.968751432030803 0.2580620370412843 0.1368322269331498
1759783920.735283 4.068796832883254 0.2718375527998967 0.1333043012596972
1759783920.8352544 4.167725267503519 0.2851038125425379 0.13241566539087582
1759783920.9352462 4.266458982675674 0.2982546550191262 0.14355364101737247
1759783921.0353022 4.366129304696628 0.3126617946306417 0.14641635237491327
1759783921.13544 4.463786873050988 0.32706352047844306 0.13748738556503218
1759783921.2353454 4.561115742912552 0.34052997057658396 0.10524019017550904
1759783921.3352385 4.6493867977150725 0.3498540816714379 0.07221997302203112
1759783921.4352632 4.741074235314951 0.3564872822689425 0.06391236595406871
1759783921.535951 4.835932506440932 0.3625581671564937 0.06670924770360923
1759783921.6353025 4.933381458852768 0.3690685736992543 0.06417026130995765
1759783921.7353408 5.0332846602310815 0.37548820228754476 0.05966853808000408
1759783921.8353198 5.133643037264665 0.3814835567742953 0.06444530904589044
1759783921.9352245 5.2360542042533975 0.3880926282087501 0.08720139695821785
1759783922.0352442 5.338330168058255 0.3970339100433579 0.09150780053887977
1759783922.1353502 5.43886265235327 0.4062591807642254 0.09687459445448635
1759783922.2352557 5.54006709112189 0.4160941048877248 0.10753118040588841
1759783922.3352482 5.642854623646418 0.42718976881437015 0.0969208638644147
1759783922.4352121 5.745845927379837 0.43720314867035937 0.10205789785673428
1759783922.535293 5.84631105549869 0.4474921560817581 0.11150998936201187
1759783922.6352742 5.948466600275862 0.45893097103914987 0.10545558021237969
1759783922.7352533 6.048794028944606 0.46955045345159846 0.0944578724281914
1759783922.8353121 6.150587056098194 0.47919430504531524 0.09459684292056683
1759783922.9352493 6.251209111401474 0.48874132818681265 0.09257033858525701
1759783923.0352569 6.351041151995468 0.4980093023726257 0.08790332031078932
1759783923.135274 6.449543513032005 0.5066903579801724 0.07467884114547998
1759783923.2352304 6.5473785661650545 0.5140101788078524 0.07320725913261852
1759783923.3352869 6.646264709466132 0.5212623224341614 0.08190660825130805
1759783923.435337 6.746779484932771 0.5295136068059969 0.09410717543708372
1759783923.5352907 6.848620536326784 0.5391259734845945 0.09407941055650917
1759783923.635346 6.949472585972623 0.5486421671879664 0.09491320380163484
1759783923.7352624 7.050767854368334 0.5582854001205122 0.09513524038063328
1759783923.8352928 7.152419263415909 0.5679853127392063 0.08324273503965221
1759783923.9352894 7.251457030205245 0.5762485825127638 0.08852033167725684
1759783924.0352254 7.353362539108564 0.585292927685176 0.08852033172379317
1759783924.1353335 7.455868986612785 0.5943906075269543 0.0821523411404578
1759783924.2352996 7.5564034398606275 0.6026683788566846 0.08034739850694175
1759783924.3353112 7.657970551777075 0.6108466384608396 0.0772637078636266
1759783924.4353688 7.761053085137584 0.6188270637243234 0.07290008448120214
1759783924.535279 7.862985235807623 0.6262711177428896 0.07650795511115308
1759783924.6352713 7.965687471254474 0.6341440230243253 0.07398037252534709
1759783924.735334 8.065972872266586 0.6415767392890038 0.07631516673872776
1759783924.8353071 8.167821708199101 0.6493644746610541 0.06565135829366123
1759783924.9353173 8.269359736853534 0.6560401779024131 0.06476237910207763
1759783925.035303 8.37101578789886 0.6626328851654211 0.07003940949555068
1759783925.1353085 8.473339482763446 0.6698113181511786 0.06715036496900142
1759783925.235271 8.575274865943321 0.6766666233494111 0.06004192227842867
1759783925.3352752 8.677542317827111 0.6828143471043092 0.06095862746708294
1759783925.4353776 8.780498251460232 0.689098184921705 0.06696477281013005
1759783925.5352495 8.882084415028443 0.695911065955284 0.08091909354478491
1759783925.635381 8.984072742666406 0.7041819291259317 0.07471650238014407
1759783925.7352533 9.084859987555546 0.7117264440012531 0.06975062694025783
1759783925.8353713 9.187696542924124 0.7189110133270922 0.06327077227008618
1759783925.9353538 9.289480541031077 0.7253595727269209 0.05763286984806096
1759783926.0352483 9.39116410462444 0.7312263853846807 0.0638762775743488
1759783926.1353035 9.494706903603623 0.7378493239955437 0.06621089933162319
1759783926.2352412 9.595848535076765 0.7445558053842989 0.0656001690428897
1759783926.3352664 9.695744572705674 0.7511184188526073 0.06479441075788542
1759783926.4352334 9.798505998217344 0.7577861185159463 0.06440565022831116
1759783926.535314 9.901356484461678 0.7644194453702202 0.058845610085777406
1759783926.6353385 10.00234358471512 0.7703689618213787 0.060651607390415
1759783926.7353919 10.106087817296324 0.7766689432540225 0.0630139772647246
1759783926.8352945 10.20726047055261 0.7830526862035692 0.04930511557012865
1759783926.9352684 10.308933289260844 0.7880697424179053 0.053165219506808775
1759783927.0353148 10.409989933254131 0.7934475088584575 0.052220336689570074
1759783927.135228 10.512117950157265 0.7987855213574521 0.05324722155002118
1759783927.235312 10.61341015198575 0.8041841528206635 0.06345023630809746
1759783927.3352215 10.716090993016504 0.8107080337003826 0.0724698477529854
1759783927.435307 10.818357216423108 0.818132252927069 0.06960629035290147
1759783927.5353107 10.919785516148417 0.8252037248094438 0.07757880943275844
1759783927.6352396 11.021867665244644 0.8331390623264349 0.07002862921281441
1759783927.7353249 11.125611790070414 0.8404160204902573 0.06502436621405075
1759783927.8353083 11.226306000277255 0.8469728414102021 0.09976861603481915
1759783927.9353023 11.323690314095561 0.85672110512027 0.0917968762526126
1759783928.0352247 11.420897607910154 0.8656695804455845 0.09701504698819399
1759783928.1352036 11.52137150276343 0.8754477564765522 0.09301589012567782
1759783928.2353442 11.62497818686284 0.8851127141071564 0.0998031952783979
1759783928.3352814 11.728124808099006 0.8954413928296949 0.09666627748372339
1759783928.4353075 11.834201394670727 0.9057274805589559 0.09135933564336388
1759783928.5352743 11.93867549572827 0.9152988089735502 0.08936000021284843
1759783928.635332 12.044022927160958 0.9247377929423055 0.08563562511725822
1759783928.7352514 12.149304393958191 0.9337757411182593 0.08771727766164697
1759783928.8352163 12.253294810459176 0.9429209648253538 0.08824486998742845
1759783928.9352791 12.356547058342649 0.9520561707628993 0.08955124604396505
1759783929.0352783 12.45914496581606 0.9612685804728078 0.09099567886094997
1759783929.1353571 12.561871888575036 0.9706421726210601 0.08404576039189574
1759783929.235246 12.663859687022072 0.9792340543545092 0.07769172259394078
1759783929.3352425 12.765767075441211 0.9871673832001755 0.07413628902260508
1759783929.4353635 12.869167608032706 0.9948471900183703 0.07594402957668836
1759783929.5353637 12.971396192868912 1.0026258008097757 0.07602736303124885
1759783929.6352332 13.075038140214719 1.0105206417784596 0.07192161729191099
1759783929.7352946 13.17992967668389 1.0180776453024913 0.07300561596332805
1759783929.8352942 13.284201190751826 1.0257036045608674 0.06797785504373038
1759783929.9352887 13.386193843943133 1.0326475456094255 0.0606727075746582
1759783930.035255 13.48793213968156 1.0388278689599764 0.06630969542142967
1759783930.1352522 13.591003304068304 1.0456725213425164 0.05792103459315573
1759783930.235213 13.692585383449996 1.0515628489980133 0.06505712497125987
1759783930.335525 13.792481652343447 1.0580709973991471 0.07469822224873507
1759783930.4352279 13.892870741858568 1.0655838626093899 0.06411864382203486
1759783930.5352612 13.994001278888948 1.0720771162884817 0.06281265373868589
1759783930.6352973 14.097713860643845 1.0786001597678905 0.056782697177658326
1759783930.7352517 14.200755684630106 1.0844574489793113 0.053645240929335036
1759783930.8353603 14.304050584325045 1.0900040504731747 0.050475134558134405
1759783930.9352686 14.407125459100172 1.0952111915441165 0.03263039246563476
1759783931.035303 14.510696494997134 1.0985919550595662 0.025683554315355683
1759783931.1352766 14.613448726191185 1.1012315780006467 0.027072074328066076
1759783931.2352633 14.715114456419137 1.1039845527880368 0.018017714809254126
1759783931.3352883 14.818759660285892 1.1058522046206436 0.01882347126681999
1759783931.435265 14.921500552341726 1.107786373295775 0.020128723736461296
1759783931.5352776 15.024336519481832 1.1098566096721945 0.018045129260293613
1759783931.6353283 15.128084563142382 1.1117289597640179 0.02124119308024469
1759783931.7351813 15.230815006403631 1.1139114051856904 0.01247631515834663
1759783931.83523 15.334005924214196 1.1151989144023593 0.010030678337073329
1759783931.935242 15.438030082227556 1.1162423822669127 -0.0011095280926561313
1759783932.037365 15.54234158674917 1.1161266456747663 0.0018123249790373275
1759783932.1352997 15.643464193861975 1.1163099129022307 0.007579592088328979
1759783932.2351944 15.747962399712483 1.1171019818447752 0.0021408769949490813
1759783932.3352325 15.851500601887118 1.1173236447385626 0.002196453668339149
1759783932.4352572 15.95511641845638 1.1175512324449564 -0.001221057015022009
1759783932.535267 16.05391724170744 1.1174305909466777 0.020975589410505424
1759783932.635278 16.14724341610274 1.1193884496069866 0.040838859732980015
1759783932.7353182 16.24285453481586 1.1232952708629524 0.03858795520265729
1759783932.8353214 16.340951051777353 1.1270824948153502 0.032198858790251694
1759783932.935216 16.442370624158613 1.130349218326235 0.039940684430390394
1759783933.0354214 16.545511418848108 1.1344709242204298 0.054999332559844294
1759783933.1352654 16.649421833365253 1.1401916971344908 0.05644152335434355
1759783933.2352757 16.754485947176242 1.1461279807388387 0.05271891427811609
1759783933.3352911 16.856761492020464 1.1515248371456128 0.07411109691959367
1759783933.4353244 16.95391585810605 1.158738265100398 0.10003638861648695
1759783933.5352075 17.051598427860178 1.1685428040354753 0.09190701556961683
1759783933.6352754 17.15196746416959 1.1777934838184156 0.09540939047199454
1759783933.735231 17.253903973333816 1.187548802736411 0.09057820527012889
1759783933.8352482 17.35628331031188 1.1968475835977372 0.09485672376315185
1759783933.9352667 17.457819104373485 1.2065079277038946 0.09463446046816298
1759783934.0352666 17.555136645410037 1.215745112264702 0.10957889081279742
1759783934.1352253 17.651023850157802 1.2262945840213568 0.14448112179102307
1759783934.2353027 17.738419650092684 1.239010229441493 0.17884102596109014
1759783934.3352928 17.827904786383872 1.2551866749713425 0.18542370916672607
1759783934.4353085 17.921572829827852 1.2727567789110217 0.19073009443216787
1759783934.5352714 18.020121676037498 1.2917842986678127 0.18928618516954615
1759783934.6352487 18.122167894668777 1.3113342849042313 0.19409064770671297
1759783934.7352588 18.223225564712166 1.3311987008983017 0.19642421803804905
1759783934.8352773 18.32454394834345 1.3513600460985318 0.19064537134369414
1759783934.9352276 18.426177143995986 1.3709741513960256 0.1933107131033835
1759783935.0352445 18.5268831484543 1.390687875806797 0.19639456547397022
1759783935.1353567 18.628027769949934 1.4108115261413303 0.18652239043303948
1759783935.2352254 18.72843191728416 1.4297593949777183 0.19478930545331136
1759783935.335242 18.830738023801548 1.4499434589526579 0.19209441398066812
1759783935.4353447 18.93430909083986 1.470087264632429 0.1935681475617858
1759783935.5353339 19.03652202367289 1.4901233009443926 0.20315044337695726
1759783935.6352644 19.13940300538512 1.5113159644212733 0.2057874989221546
1759783935.7352512 19.24028733765493 1.5323748116620766 0.2087593286452964
1759783935.8352175 19.3396724357471 1.5534291224980685 0.19798518391314163
1759783935.93521 19.437258315986103 1.5730061461528746 0.17851441964038445
1759783936.0352519 19.53072511511629 1.589870843985116 0.18612871768289269
1759783936.135224 19.627184193637238 1.6080348924619308 0.1718549014750667
1759783936.235271 19.72911632356365 1.625726945508156 0.15518042362016787
1759783936.3353024 19.829657086881024 1.641455358684281 0.15618073726349774
1759783936.4352624 19.930621951096768 1.6573536018673274 0.15656947106767344
1759783936.5352442 20.032580597267362 1.673448949054617 0.15004288235288538
1759783936.635236 20.127406689347342 1.6877846704349808 0.1440989256532323
1759783936.735573 20.223294547062622 1.7016984454888011 0.13654577734460144
1759783936.8365438 20.321963782936034 1.7152556749658683 0.13713477336011465
1759783936.935223 20.41930939896246 1.7286894614131931 0.15001790469904236
1759783937.0353255 20.52120792899412 1.7440917841110173 0.13427957864580392
1759783937.1352668 20.621044094106235 1.7575789020033954 0.15043674747157482
1759783937.2353323 20.721330862528916 1.7727805680431306 0.16472387366222335
1759783937.3353195 20.82554990187837 1.7901049087188274 0.15791918459263016
1759783937.435207 20.924940644814054 1.805932404233714 0.15409016863241248
1759783937.5353072 21.02540198383273 1.821536202552602 0.16020740790402183
1759783937.6352527 21.127504991125832 1.8380352600262064 0.14443822103687548
1759783937.7356682 21.23003389776816 1.8529482040310596 0.14323881401467448
1759783937.835333 21.331919352052118 1.8676427914368525 0.13903073951557315
1759783937.9353838 21.434577361359608 1.8820080881054246 0.12949813221510714
1759783938.0353966 21.53621052161992 1.8952434600743568 0.13483214723684517
1759783938.1352875 21.63620010696047 1.9088075675319436 0.13397197520434773
1759783938.2352214 21.737677804234313 1.9224846608798878 0.12350667883336136
1759783938.335235 21.836062535513353 1.9346979958604364 0.12789617048084828
1759783938.4352245 21.93834275301087 1.947851038985632 0.1368952181177962
1759783938.5352411 22.04105659552872 1.962000572323898 0.12672686366601787
1759783938.635322 22.140874341326644 1.9747183162315025 0.13328772726039823
1759783938.7352827 22.241739401973394 1.9882425748798689 0.136925181180707
1759783938.8353062 22.34205949104214 2.0020654152838064 0.12989575105615309
1759783938.9352665 22.4413839184431 2.015040293230283 0.13361649649385704
1759783939.035285 22.543405506423127 2.028753768255959 0.14289599112057466
1759783939.1352787 22.642465331575373 2.043006160250069 0.14231269450121914
1759783939.2353642 22.743632034409924 2.0575014559787452 0.14234049606376414
1759783939.3355157 22.84507655920735 2.0720394366242965 0.1589211393263001
1759783939.4354024 22.946178793270516 2.0882433641685085 0.15376032886059038
1759783939.5353022 23.04824898388066 2.10406257436247 0.16119731150566524
1759783939.6352568 23.148766518990993 2.120407549033616 0.1707485296509414
1759783939.7352996 23.249752687847067 2.1378203423925166 0.16719145152118914
1759783939.8352432 23.331765792084948 2.1516614399567753 0.17327135594347348
1759783939.9353182 23.306803805494535 2.1472924314011395 0.16957414034823598
1759783940.035269 23.267507077814084 2.1405641067497028 0.14902869983348394
1759783940.1352189 23.24383323683854 2.137009671827401 0.12445769790662536
1759783940.2352989 23.241155159329956 2.136674632790065 0.020596883758803253
1759783940.3352823 23.250887375651086 2.136875114469371 -0.11396417790217145
1759783940.4352758 23.258379849477045 2.1360175248869933 -0.2134021304733223
1759783940.5352426 23.263351631797097 2.1349401310703127 -0.3307520078032225
1759783940.6351945 23.26963150947118 2.1327838388631757 -0.4793195272942184
1759783940.7352514 23.266330959516026 2.134499287309737 -0.6130622242105472
1759783940.8352764 23.26070943044516 2.1384539584450013 -0.7191442306920477
1759783940.935306 23.258565175710025 2.1403313713285224 -0.8525171653490089
1759783941.035286 23.26044982603938 2.1381750896576555 -1.0178727790034783
1759783941.1353316 23.26548517678479 2.13001585198377 -1.1645230822920167
1759783941.2352536 23.268048182758573 2.1240582491636126 -1.3627293557818758
1759783941.335278 23.267755411146346 2.1254449877242565 -1.5326042263188766
1759783941.435228 23.267217553197863 2.139521103027295 -1.5157515332776184
1759783941.5352838 23.266906390559996 2.145168291209407 -1.5185308581477726
1759783941.635281 23.26684908291004 2.146263765140754 -1.518114202830823
1759783941.73524 23.26677610355607 2.1476477607013544 -1.5181697355408847
1759783941.8353307 23.266774499190024 2.1476782183959124 -1.5177804937565826
1759783941.935261 23.2668559875245 2.1461426021533083 -1.5175861848616408
1759783942.0352511 23.266862469559623 2.146020897602984 -1.517641734934914
1759783942.1352954 23.267994636240207 2.1247414528454636 -1.4462490446995435
1759783942.2352433 23.273457956671628 2.0811030688664753 -1.4168476967040977
1759783942.3352227 23.28384780264242 2.0141480360464614 -1.419569358115334
1759783942.436585 23.296085770540895 1.9338413751656958 -1.4268899630629708
1759783942.535301 23.308688897964394 1.8468681018047834 -1.4243397992395592
1759783942.635295 23.32322501701111 1.7483266474430883 -1.4437552909198117
1759783942.735313 23.33572282552998 1.65048030854054 -1.4595636956635416
1759783942.8353202 23.346831849361628 1.5510205575360443 -1.4504519200864912
1759783942.9352822 23.358769902559562 1.4523008434238756 -2.355052425580309
1759783943.0352232 23.286658197486133 1.3800242374983696 -2.3674617683858066
1759783943.1353614 23.213696589644808 1.308688536383995 -2.3656259015022516
1759783943.2353835 23.136795459762176 1.2332244679657074 -2.356762834080605
1759783943.3352787 23.06516404686732 1.1616744313813383 -2.3658921489436486
1759783943.435317 22.990841968437667 1.0887800526716889 -2.373950789238355
1759783943.535295 22.917415910843307 1.0179163170881593 -2.373561986035072
1759783943.635263 22.84376182628337 0.9467771810513106 -2.3861968253511643
1759783943.7352755 22.770046842333873 0.8773578497737665 -2.3828075115954164
1759783943.8354173 22.694092120371778 0.8053420017090291 -2.387953685628993
1759783943.9352899 22.618816258800265 0.7347018732910726 -2.3996609722123665
1759783944.0352526 22.54261622046277 0.6648540238181632 -2.387415539835594
1759783944.1352198 22.467895431788296 0.5946591256358974 -2.3956628368246946
1759783944.2352462 22.392117199167416 0.5246383294815172 -2.407026943602295
1759783944.335249 22.31937681157138 0.4589411314418906 -2.445389115821788
1759783944.4352484 22.24729410587921 0.3986930238542443 -2.4826111243282494
1759783944.5352745 22.18039759328968 0.3468833963690901 -2.4996433512350418
1759783944.6353638 22.108139699121875 0.2928649757488023 -2.505092658098829
1759783944.7352433 22.033060508775822 0.2373726154829016 -2.517438874108991
1759783944.8352478 21.950740788420458 0.17808607522574613 -2.514327625143931
1759783944.9352267 21.867356560038424 0.11763800047997681 -2.520020869448846
1759783945.03529 21.783521681067707 0.05758837247395907 -2.512488325008295
1759783945.1353493 21.699701124958263 -0.003411518082307531 -2.50723521307947
1759783945.2353091 21.617425959393742 -0.06395040229045595 -2.4899088391645368
1759783945.3353047 21.53618295398157 -0.125927824526115 -2.4941864291744427
1759783945.4352741 21.454696955755402 -0.1875409928850012 -2.4921037335487393
1759783945.5352135 21.373363903520403 -0.249305172348088 -2.4989884439600383
1759783945.6353507 21.29144566998966 -0.31062912401953235 -2.510782385014381
1759783945.735219 21.20903183227984 -0.37082060419990803 -2.519437637401599
1759783945.8354442 21.125803731450834 -0.43050908317068504 -2.536364561078984
1759783945.9352975 21.04188982165262 -0.48856404010442195 -2.5435484497261394
1759783946.0352883 20.957444840909183 -0.5460938255337751 -2.5419930366414087
1759783946.1352878 20.873082203915303 -0.6037598376888267 -2.545909680886795
1759783946.2352648 20.78851331469293 -0.6610821402981233 -2.5534912715193423
1759783946.3353095 20.702630370684776 -0.7183496908966553 -2.5541860266219767
1759783946.4371865 20.619203945157793 -0.7738955183688817 -2.5486959898594743
1759783946.5352352 20.535279815933382 -0.8304401609324112 -2.55092932100287
1759783946.6352909 20.444507757483805 -0.8913043493177218 -2.5507903547570328
1759783946.735245 20.35400070928036 -0.9520090777288576 -2.551428950603605
1759783946.8353112 20.26228935869677 -1.0134366766789116 -2.5493164423422945
1759783946.9352567 20.171487987283363 -1.0745330450903503 -2.547956072353718
1759783947.0353117 20.0797353960146 -1.136450941951401 -2.5483729680760536
1759783947.135346 19.98832986977261 -1.198079182227157 -2.5482340316325396
1759783947.2353685 19.896375022039997 -1.2600963762218578 -2.5481228954582957
1759783947.3353152 19.805620308261012 -1.321318837731462 -2.546762509337092
1759783947.4354012 19.714961584675237 -1.3826561656057463 -2.547179534202817
1759783947.5353105 19.62402118106924 -1.4441288020318102 -2.544515286175799
1759783947.6352842 19.536902414358476 -1.503356914369973 -2.5437932540584507
1759783947.7352421 19.448178456118413 -1.5637700408640336 -2.5443763420615486
1759783947.835349 19.3591482353337 -1.6243157539267272 -2.555972064429053
1759783947.9353068 19.272056029441078 -1.6820780420010637 -2.5460040600765055
1759783948.0354333 19.18508210560824 -1.7410185409333259 -2.545141859631752
1759783948.1353364 19.09909597475378 -1.799397880331177 -2.5569359768072215
1759783948.2352781 19.014768330049648 -1.8552096597419507 -2.55124485045403
1759783948.3352854 18.930767863906002 -1.9114949690749972 -2.5579397831234183
1759783948.435264 18.846416594990306 -1.967200702799325 -2.554273897764418
1759783948.5352414 18.76227130721845 -2.0232144821406246 -2.54538703044989
1759783948.6352572 18.678594808723094 -2.0799957553867103 -2.5354132248435364
1759783948.735253 18.59550542925429 -2.137597227321776 -2.5028590191080426
1759783948.835308 18.51428691661292 -2.197908251618447 -2.4785401008535843
1759783948.9352412 18.434656054491867 -2.2601005734460147 -2.448976543150357
1759783949.035316 18.356788152531525 -2.3247109810693836 -2.46976985662092
1759783949.135264 18.27769409000385 -2.3876085865770973 -2.470380649467678
1759783949.2353945 18.198417030995564 -2.4505727108526347 -2.448880394148666
1759783949.3352807 18.120702070571113 -2.515068833841737 -2.4459670472496278
1759783949.4352503 18.043110572202444 -2.579845163446516 -2.447855362396624
1759783949.5353038 17.964733894400563 -2.645026236627309 -2.443714257279607
1759783949.6352694 17.885144373084664 -2.711775426838417 -2.436383448183269
1759783949.735723 17.807035388688885 -2.7782643391557276 -2.4447545822833603
1759783949.8352778 17.72997209376843 -2.8427584227574023 -2.449594050699232
1759783949.9353116 17.655663781264415 -2.9043378455654 -2.503779006058408
1759783950.0352988 17.579058973417574 -2.9611135749431816 -2.519804742370592
1759783950.1353326 17.499696993801315 -3.01798529077472 -2.5044106574597964
1759783950.2352552 17.418064234358084 -3.07840764134485 -2.5093790338695867
1759783950.3352752 17.334700209674594 -3.139472674251091 -2.5064062191465486
1759783950.4352758 17.252809665772517 -3.1998332556733926 -2.50448954056392
1759783950.5353255 17.17019834062111 -3.260969827766203 -2.5109093983439794
1759783950.635387 17.08742047928273 -3.3214110542388164 -2.5212490778930134
1759783950.7352452 17.003163897174996 -3.3816063003888663 -2.52008406457476
1759783950.8352897 16.915598469389977 -3.4443196903758007 -2.5153041610535474
1759783950.9352434 16.82914102206754 -3.5068669389270064 -2.497145913821368
1759783951.0352535 16.745783052583448 -3.5695086689249482 -2.4908674982109527
1759783951.1352317 16.663101033873602 -3.6324585627602497 -2.490367607179417
1759783951.2352698 16.58061922760749 -3.6953211819091716 -2.479113326671966
1759783951.3354435 16.495393742197145 -3.7618043304286584 -2.475996811119003
1759783951.4352427 16.41371960750654 -3.825927555538423 -2.467375273194605
1759783951.535241 16.333855882835525 -3.8897499896790144 -2.482930553376718
1759783951.635351 16.255536172234006 -3.9503665765559424 -2.471223238454669
1759783951.7352197 16.179382378335404 -4.010745541212478 -2.46703429822098
1759783951.8352246 16.09914240114796 -4.0749134992166045 -2.470034445682877
1759783951.9352307 16.019186448718557 -4.138461974869495 -2.4757292377217435
1759783952.0353415 15.938497968649541 -4.201846257659183 -2.485573462929224
1759783952.1352427 15.856973683279127 -4.26459924371398 -2.497839109897128
1759783952.2354078 15.774883469608506 -4.326199288903369 -2.4937490339773816
1759783952.3353236 15.692836924518083 -4.388292720289873 -2.4830636006291384
1759783952.4352877 15.611467310739416 -4.451252511290911 -2.4902554653712783
1759783952.5353177 15.528344735037786 -4.514618223190689 -2.481725133607229
1759783952.635412 15.44541133459662 -4.578965639595559 -2.483115332577333
1759783952.7352207 15.364044728983169 -4.641916374005204 -2.4823667673970737
1759783952.835267 15.283013562148428 -4.704704610547762 -2.4684436437790422
1759783952.935356 15.201793119308308 -4.769469186523262 -2.481705413669192
1759783953.0352755 15.121038483543206 -4.832128666616345 -2.5027162765028654
1759783953.1352909 15.041585546607607 -4.891146211489045 -2.502049507187692
1759783953.2352345 14.958783449459704 -4.952737222917334 -2.498690290447971
1759783953.3353298 14.877076504120463 -5.013941026101161 -2.4911275365619896
1759783953.4352853 14.795814850600932 -5.075776152682702 -2.5018449936544793
1759783953.5353322 14.713184414985074 -5.137265729524515 -2.490450766374891
1759783953.6353118 14.632344889908783 -5.198866075064186 -2.4893676536271707
1759783953.7352133 14.547256281893631 -5.263850049289433 -2.477684735217932
1759783953.835298 14.464038959628194 -5.328958100864234 -2.4787689871036163
1759783953.9355006 14.384985446509814 -5.390670382566491 -2.5022330866896665
1759783954.035301 14.310344265608977 -5.446169746206709 -2.499155909244652
1759783954.1354291 14.236142598813782 -5.501697692161749 -2.4933429123105695
1759783954.2352703 14.157565710433946 -5.561215466637429 -2.49869550555207
1759783954.3352294 14.076371829912347 -5.622034289965023 -2.4926146583830207
1759783954.4353235 13.995136413304628 -5.6836589098325145 -2.49325414831892
1759783954.5353293 13.913496000929984 -5.745508544390841 -2.499698970799205
1759783954.6352663 13.83257624685574 -5.805995366187228 -2.524822011542259
1759783954.7352476 13.753170512763598 -5.862297601068956 -2.544901591114101
1759783954.8353796 13.673690020205292 -5.916287912753422 -2.5301599373804926
1759783954.935378 13.59318523437978 -5.972726081194099 -2.54727078697292
1759783955.0352318 13.511844466819479 -6.027698874897751 -2.554953978219938
1759783955.1353216 13.429242760411928 -6.082604091758815 -2.5652687865816475
1759783955.2352338 13.34272941497938 -6.138831446660207 -2.5564432113495954
1759783955.3353696 13.254996920903988 -6.196958895448533 -2.5555531152993964
1759783955.4353602 13.168446054670358 -6.254414375053734 -2.561191474450353
1759783955.5352829 13.081746225299232 -6.311267093099855 -2.5691852868327123
1759783955.6352587 12.996123268834411 -6.36643997623784 -2.5559384908206146
1759783955.735309 12.911505797220723 -6.422565033417218 -2.5607742508775173
1759783955.835242 12.824884242752645 -6.479418118373735 -2.562772913781452
1759783955.935301 12.738397300230094 -6.535935853755088 -2.562772913781452
1759783956.0352898 12.65198390296517 -6.592405528570443 -2.569216629999519
1759783956.1352215 12.566768161580308 -6.647312234578357 -2.5661354020214757
1759783956.2354083 12.482196433209639 -6.702173489155469 -2.56493872611127
1759783956.3353384 12.395060767263736 -6.758846224134449 -2.5673537022015114
1759783956.435272 12.310239867231209 -6.813722408790413 -2.57021291435657
1759783956.5352795 12.223789702094376 -6.86930267821755 -2.5682683233467825
1759783956.6352713 12.138510870538653 -6.924364549193687 -2.5684072007664405
1759783956.7352679 12.051863468054743 -6.980293015154246 -2.574073672694805
1759783956.8352165 11.965597108832768 -7.03528555720502 -2.5819307469057424
1759783956.935241 11.878590186499444 -7.089793536330631 -2.567038216226111
1759783957.0352283 11.793753869314834 -7.144717670502194 -2.585758055341982
1759783957.1352937 11.707746504173421 -7.198142172071235 -2.593151781873086
1759783957.2352767 11.619688797596035 -7.251942089768183 -2.5873194415283036
1759783957.3352528 11.5304759178231 -7.307164879971402 -2.5936234874075543
1759783957.4354103 11.442304224063145 -7.360977339993886 -2.6024707329513896
1759783957.5352762 11.354309688450195 -7.4136188973898065 -2.606825996211314
1759783957.6353216 11.265180566862986 -7.4664134665038375 -2.6120505915328573
1759783957.7359838 11.176430172357733 -7.518359252579863 -2.6105126962343883
1759783957.83523 11.083961154308634 -7.572672653681769 -2.603207068569959
1759783957.9352844 10.99262074907929 -7.627224545473389 -2.5999830978073843
1759783958.0353591 10.90177770671452 -7.681877503257175 -2.593645029242711
1759783958.1352515 10.814955514451922 -7.73486377606111 -3.494313555428138
1759783958.2352097 10.71964108715817 -7.699777103886032 -3.5063085369257765
1759783958.335298 10.624588060915924 -7.663486191988917 -3.4971059687857684
1759783958.4354813 10.527740947856849 -7.627527914626998 -3.4922637785799724
1759783958.535401 10.42961773556059 -7.591635500268955 -3.478080717782288
1759783958.635251 10.335673886512565 -7.558774845518437 -3.47211745749924
1759783958.7352161 10.240533985572554 -7.526131265797739 -3.4691740409360188
1759783958.8353648 10.145513594955508 -7.4938409875043925 -3.472011586713239
1759783958.9352236 10.049219375212052 -7.460812742413527 -3.474147454600387
1759783959.0353787 9.951902623835782 -7.427201296699593 -3.4778754504793943
1759783959.1352832 9.855170549587424 -7.39338763136528 -3.466025662204472
1759783959.2352545 9.756348292072486 -7.3601520743516655 -3.4764671084823098
1759783959.3352115 9.6588130818817 -7.326211736669694 -3.4877678015836002
1759783959.4353325 9.56252704701921 -7.291481362010127 -3.4829008074111654
1759783959.5353072 9.46345825268906 -7.256291194710434 -3.4755971048746686
1759783959.6351929 9.364280938585878 -7.22187614071814 -3.482616850303738
1759783959.7352433 9.266477420680824 -7.187166684449781 -3.4551029761302727
1759783959.8352647 9.175844839841082 -7.157783384781297 -3.4310978482232697
1759783959.9352748 9.08664623470298 -7.131213439634776 -3.4059564071960606
1759783960.0352564 8.997112959240136 -7.106976820709352 -3.4028736428089372
1759783960.1354685 8.901162673895929 -7.081320323536706 -3.406353229682078
1759783960.2352707 8.804534862625381 -7.0551220585384815 -3.4161671177161734
1759783960.335326 8.706750678835474 -7.027577304296194 -3.430119261583772
1759783960.4352145 8.6071297554483 -6.998008928329779 -3.4285654395456358
1759783960.5354178 8.507427208345558 -6.968584815922666 -3.4425938982006374
1759783960.6353383 8.40650816986456 -6.9372561512110416 -3.445175178032299
1759783960.7352924 8.307598330670459 -6.906271066109696 -3.4413158381609215
1759783960.8352537 8.207514869548222 -6.875341976673622 -3.447008077796429
1759783960.935268 8.108471770381676 -6.844115679789285 -3.4502029763455084
1759783961.0352294 8.0088555329881 -6.812358430314414 -3.4515913307897597
1759783961.1352694 7.9088569644078985 -6.780326284180821 -3.4448664223914838
1759783961.235246 7.810104369527349 -6.749423937747324 -3.4457828739685894
1759783961.3353121 7.710011540415792 -6.718001454255363 -3.4354427016878333
1759783961.4352245 7.609913740895792 -6.68771080651869 -3.4386898547316846
1759783961.5352488 7.510167222297016 -6.657172559056078 -3.438328656150344
1759783961.635348 7.41135570365339 -6.626959601457427 -3.443611676148409
1759783961.7352173 7.312990031072068 -6.59631379035124 -3.446746461090136
1759783961.835326 7.216158391490011 -6.5658125707813255 -3.428865948262782
1759783961.9352467 7.1227318495568 -6.538210103079077 -3.42795000800045
1759783962.0352468 7.028475026077493 -6.51045617643767 -3.4300611222292154
1759783962.1352746 6.930043086292626 -6.481246928190112 -3.4307557597782363
1759783962.2352364 6.830791361673077 -6.451719381853746 -3.428534387518198
1759783962.335245 6.730974812496672 -6.4222649947002335 -3.4216726936458173
1759783962.4352477 6.630920295110864 -6.39348521465521 -3.418561496603024
1759783962.5352967 6.530422496793583 -6.3649161650551 -3.4247589774222806
1759783962.6352873 6.428655576369598 -6.335303456598978 -3.424259024355354
1759783962.7352664 6.330045250387794 -6.306662738838766 -3.418232502545145
1759783962.835279 6.231099204363237 -6.278569994242037 -3.409231373513919
1759783962.9352772 6.1309928025476115 -6.25111905209713 -3.4098980284347453
1759783963.0353432 6.03036653141773 -6.22345341208624 -3.4132057638430595
1759783963.135329 5.930954757937868 -6.195767672613091 -3.4078454119974344
1759783963.2352524 5.830018785450611 -6.168239603202195 -3.4059857270499423
1759783963.3353052 5.730136974444765 -6.141198497041348 -3.396980971671984
1759783963.435384 5.630683125268395 -6.115232139450406 -3.3928666200814677
1759783963.5352826 5.530816087460504 -6.089596331564034 -3.3868449557849694
1759783963.635233 5.43013900490943 -6.064397787915964 -3.3763779366410347
1759783963.7353146 5.327825287727506 -6.039924685418772 -3.378740976405337
1759783963.8352568 5.226600248911777 -6.0154589631287045 -3.3735217722576727
1759783963.9353962 5.126682325509017 -5.991860431571844 -3.3682366382815165
1759783964.0352457 5.026604580880208 -5.968781890576826 -3.3666279524809415
1759783964.135309 4.925131079960005 -5.945553335920793 -3.3643209369816507
1759783964.2352238 4.82562570806925 -5.923016773166553 -3.388578027662616
1759783964.3353496 4.7290907613511965 -5.898677107808151 -3.3976727871669663
1759783964.435322 4.632574980675683 -5.873406513462678 -3.4073923346307087
1759783964.5352707 4.5361266194467005 -5.84714928454804 -3.4202746045098262
1759783964.6352737 4.437833523266545 -5.819024894202327 -3.42452473222768
1759783964.735281 4.338530019978248 -5.790154233911092 -3.4168575060919393
1759783964.8352134 4.23815945837893 -5.761806117140407 -3.4178568304844186
1759783964.9353278 4.137429163148157 -5.733247676435975 -3.416800067992392
1759783965.035244 4.037512772301371 -5.705034029891776 -3.419742045620755
1759783965.1353662 3.93693126543726 -5.676312803681347 -3.421049196736354
1759783965.2352483 3.837242851334751 -5.647705615879056 -3.4198561601925754
1759783965.3352635 3.7371531184246156 -5.619112463163645 -3.4202728900153265
1759783965.435263 3.636358646424851 -5.5902725465412555 -3.416995130890492
1759783965.5352461 3.536849873989371 -5.562153040945549 -3.403830674840784
1759783965.6353343 3.4355050532053437 -5.534950127629129 -3.4100027756232483
1759783965.7353141 3.3399326445449056 -5.508663201125919 -3.3946447558010253
1759783965.835254 3.244315837921517 -5.4839371190200215 -3.393062375287663
1759783965.9352229 3.14805684373068 -5.459207407862973 -3.3961725190501935
1759783966.0352957 3.0499602515720587 -5.433680110582564 -3.396422701196396
1759783966.135507 2.9487348953978834 -5.407311585655088 -3.403409661989444
1759783966.2353053 2.8495374890989607 -5.380729847324461 -3.3991959599105157
1759783966.3352993 2.7488408461090956 -5.354200624905211 -3.3975293940874627
1759783966.4352648 2.646625766701343 -5.327453452139397 -3.389476611604983
1759783966.5352826 2.5451940067628636 -5.301782176443004 -3.388865391763403
1759783966.635363 2.4438012450489706 -5.276186703492213 -3.3953428237695675
1759783966.7352905 2.3436007331800814 -5.250200657829641 -3.3948709443075464
1759783966.8354332 2.241827894624285 -5.2238580925108815 -3.39311844674626
1759783966.9352393 2.1397327451425876 -5.197622923491212 -3.388710345048998
1759783967.0352602 2.0384407361396932 -5.172069589585799 -3.394822732502516
1759783967.1352172 1.9370028231470944 -5.145818933445852 -3.392518168608465
1759783967.2352133 1.8353469101471283 -5.119761675290358 -3.3792131335802615
1759783967.335386 1.7337071263038744 -5.095144911452245 -3.378628792488843
1759783967.4352927 1.6323229793939795 -5.070652771078217 -3.3691376577259677
1759783967.5352454 1.5324000007650682 -5.047515079935095 -3.370081655426563
1759783967.6352856 1.4305705348814828 -5.023834628577439 -3.3647183893111845
1759783967.7353072 1.3300166168176657 -5.001018565676956 -3.3642460650857537
1759783967.8352334 1.2277362326181624 -4.977861552398722 -3.349257129496403
1759783967.9352481 1.125089062670015 -4.956233585468119 -3.3488681834603145
1759783968.0353403 1.0228165945092185 -4.9347261100119715 -3.3448088898110684
1759783968.1352756 0.9216470860056218 -4.913879057629971 -3.347001914318884
1759783968.2353258 0.8210340379805275 -4.892916549720588 -3.3357462658848713
1759783968.3352644 0.7205728113122373 -4.873162803722689 -3.3473502517306986
1759783968.435264 0.6200626417977819 -4.8521851964147 -3.3460169230018235
1759783968.535289 0.5194394900744148 -4.831323977541746 -3.3562139100082757
1759783968.6353316 0.41588906772369416 -4.808752217921596 -3.3645785811358224
1759783968.7353125 0.3121194761004258 -4.785221760867761 -3.3529696953906822
1759783968.835252 0.21141688968737155 -4.76361275130626 -3.350498966766485
1759783968.935256 0.11222101649986267 -4.7425832918871045 -3.34522098004959
1759783969.0352402 0.013710970744233456 -4.722241927737888 -3.3376388470147593
1759783969.1352966 -0.0900159694251563 -4.70164206479544 -3.377661411545468
1759783969.2353387 -0.17662286105737118 -4.68080842915693 -3.423236148405643
1759783969.3352585 -0.26103311739706697 -4.65638562478359 -3.444496860625194
1759783969.4353533 -0.3488220612172328 -4.628949716314928 -3.4292602090727233
1759783969.5352504 -0.44300377513602635 -4.601083758254429 -3.4346990539717805
1759783969.635234 -0.5396078564794345 -4.571928746747089 -3.439142773358878
1759783969.7352436 -0.6374173903390531 -4.541935064849947 -3.436586976601545
1759783969.835318 -0.7386057048561704 -4.511187981710439 -3.438588467149765
1759783969.9353154 -0.8392317149211906 -4.480391628601167 -3.442116148907775
1759783970.0352519 -0.9381165970277554 -4.449746221652227 -3.4314284972733904
1759783970.1352763 -1.0388126883168152 -4.419715221462494 -3.434401446636702
1759783970.2351975 -1.1375077772529856 -4.389961190851931 -3.4439494752711006
1759783970.3352213 -1.234545858123165 -4.359693025911871 -3.442810315780399
1759783970.435342 -1.3347426105655293 -4.328564807450736 -3.4635853778044883
1759783970.5353525 -1.4317185326907553 -4.296213403922565 -3.4498061680450114
1759783970.6352532 -1.5287051045899005 -4.265336872050164 -3.439122341041905
1759783970.735234 -1.6265455327445721 -4.2353359033770275 -3.455535860066899
1759783970.8353121 -1.7210745270988415 -4.204644149691345 -3.462680324499818
1759783970.9353213 -1.8194665787093618 -4.171919252562646 -3.460791261778122
1759783971.0353081 -1.917970534381766 -4.139363671437774 -3.465623956939394
1759783971.13522 -2.0163289566819325 -4.106328084076089 -3.4619050130189293
1759783971.2352479 -2.114562143010569 -4.073740589605792 -3.451485450063094
1759783971.3352258 -2.2135446583514113 -4.042045467113151 -3.447097528004599
1759783971.4352446 -2.3108599820795366 -4.011354332647003 -3.4427911654849157
1759783971.5352817 -2.4084263463097257 -3.981045348089368 -3.4389564099946663
1759783971.6352117 -2.5061055908440233 -3.951111534453465 -3.4402610522845456
1759783971.7352672 -2.605660304576807 -3.9204608453525944 -3.4279764660074306
1759783971.8352888 -2.7042199145594443 -3.8914371291966017 -3.438951058772703
1759783971.9353273 -2.8008103620969322 -3.8618375429191123 -3.440145963458567
1759783972.0353816 -2.8972494324575053 -3.832158242029629 -3.4301961223033763
1759783972.1352706 -2.9964308644368165 -3.802712016109975 -3.42564562134284
1759783972.2352731 -3.0903002342884918 -3.7753070819304377 -3.432729133639118
1759783972.3353257 -3.133786918055694 -3.762276258401294 -3.4326735488394
1759783972.4352186 -3.1317603568974275 -3.7628833964991366 -3.403288399004733
1759783972.5352921 -3.1124958532016884 -3.768043164796521 -3.404011152370185
1759783972.6352596 -3.099683664014199 -3.7714846836252374 -3.485206956940925
1759783972.735552 -3.097784521940454 -3.7721642131094506 -3.596141537699378
1759783972.835276 -3.0977435667448607 -3.7721842270039336 -3.7092449706585566
1759783972.9352562 -3.0963949431863225 -3.77304419207671 -3.8469956847479634
1759783973.0352888 -3.0991450477746976 -3.770702294019642 -3.9963220839433515
1759783973.1353517 -3.1037185347455964 -3.7654462168666805 -4.123707647184329
1759783973.23523 -3.1060337797675865 -3.761978451272935 -4.271111396322322
1759783973.3353298 -3.106105430129538 -3.761826759637617 -4.448343650954012
1759783973.435262 -3.1057994508161553 -3.7629585164031334 -4.624973807706549
1759783973.5352762 -3.1052619841815776 -3.769091283963202 -4.649699542165475
1759783973.6352844 -3.1050777467615327 -3.7720263239492575 -4.651949727863753
1759783973.7352138 -3.104662984722217 -3.7788804273749785 -4.646148274760256
1759783973.8352787 -3.104531792646405 -3.7808580653776853 -4.646426233057312
1759783973.935327 -3.104534806967645 -3.7808124343474745 -4.646426233057312
1759783974.035349 -3.104535811475612 -3.780797228027463 -4.646398449212433
1759783974.135336 -3.104433344232384 -3.782347730174682 -4.648287093298399
1759783974.2353432 -3.1044557937467543 -3.781997993868581 -4.630146881477827
1759783974.3353143 -3.1049713200193865 -3.775743734117398 -4.6343401118551375
1759783974.4352193 -3.104989122445658 -3.7755161041293683 -4.635394664829891
1759783974.5355735 -3.1052278683216614 -3.7724214092033317 -4.6350601508162885
1759783974.6352057 -3.1052302137021885 -3.772391139719784 -4.635143177704285
1759783974.7352536 -3.1052302137021885 -3.772391139719784 -4.635282133022604
1759783974.8352623 -3.1052302137021885 -3.772391139719784 -4.635337693427349
1759783974.9352908 -3.1052302137021885 -3.772391139719784 -4.635309907728104
1759783975.0358171 -3.1052302137021885 -3.772391139719784 -4.635281983746079
1759783975.1352174 -3.1054075384676425 -3.770095975774625 -4.657619435913126
1759783975.235211 -3.1052399035679255 -3.7731536467758904 -4.684089929375439
1759783975.3353179 -3.1052174618475945 -3.773946455315268 -4.714900626839807
1759783975.4352286 -3.105229352490653 -3.778680647912741 -4.708406429232554
1759783975.5352724 -3.1052383975486153 -3.7764094880967334 -4.6445173670677775
1759783975.6352744 -3.108947013522407 -3.7218517813576635 -4.593405205060492
1759783975.7352703 -3.118067296161923 -3.6455623637157646 -4.549795902023213
1759783975.8352349 -3.131977740931464 -3.560763877077957 -4.546547052035187
1759783975.935313 -3.1471035227620083 -3.470395559642256 -4.559418209085827
1759783976.0353208 -3.1615287703745043 -3.376831577668649 -4.622117524249482
1759783976.1352608 -3.1687491597464152 -3.2970636622365506 -4.671254721981931
1759783976.23522 -3.1719451397100706 -3.2194111817341997 -4.6951616161487735
1759783976.3353314 -3.173220041837121 -3.1454140232370045 -4.724499843726413
1759783976.435377 -3.1723311828036356 -3.0720240797811695 -4.762183626939638
1759783976.5352178 -3.168561294316069 -2.9963779529062733 -4.802702383885503
1759783976.6353297 -3.1615920190501936 -2.919420199551203 -4.847280015822918
1759783976.7352555 -3.1514857084343673 -2.8449531355806723 -4.884141516682483
1759783976.8352385 -3.1372702996748045 -2.7630017792993127 -4.88566903429428
1759783976.935234 -3.1211206672386087 -2.6707368507589027 -4.866808751204245
1759783977.035228 -3.1060768145110913 -2.5740906361254767 -4.878946905078451
1759783977.1352208 -3.089371181666756 -2.4747206036859613 -4.880641226833348
1759783977.2352047 -3.072955330207783 -2.3780761058273443 -4.871837086729088
1759783977.3352013 -3.056982614617184 -2.278751478307837 -4.897169549993564
1759783977.435264 -3.038946284737113 -2.1822554858096024 -4.91968369000307
1759783977.5352376 -3.0217227814207623 -2.1003619853720146 -4.952619383836798
1759783977.6352313 -3.0026198172146086 -2.022378263043619 -4.955702523137142
1759783977.7354255 -2.9806632502762733 -1.933926301733307 -4.9517504177470295
1759783977.8352258 -2.9579661309044942 -1.8409205692959287 -4.047087998965275
1759783977.9352148 -3.0238611067654335 -1.7569387745010054 -4.04389390810053
1759783978.0352225 -3.0920197343263256 -1.6706410100637095 -4.043282749453056
1759783978.1353333 -3.1598661199207143 -1.5848464382812681 -4.084244738934991
1759783978.2352273 -3.2097107002336402 -1.5162161080957266 -4.127726395859106
1759783978.335435 -3.2519782873727316 -1.4523535981301716 -4.157788667218163
1759783978.4352586 -3.291255690926836 -1.3889469778814523 -4.194584798693754
1759783978.535209 -3.3287860684669996 -1.3230637348073078 -4.1954732459469835
1759783978.6353302 -3.375836009622239 -1.2402983509152647 -4.1954732459469835
1759783978.735329 -3.426216691091347 -1.1516738736013516 -4.190528865156988
1759783978.8353496 -3.4786262058957926 -1.0605323404484477 -4.196002216979895
1759783978.935244 -3.530763706858976 -0.9687044220884714 -4.201995888263163
1759783979.03521 -3.5829373077496105 -0.8755164622482037 -4.20085738878217
1759783979.1352324 -3.6357091621084274 -0.7815111934797526 -4.200912956787783
1759783979.2353106 -3.6884230007016883 -0.6875970458263577 -4.206834244667088
1759783979.335296 -3.7402585165222177 -0.5939528781548327 -4.211083622558503
1759783979.4353142 -3.788380428336516 -0.5061389521392379 -4.1855789660053215
1759783979.535337 -3.8357171648797 -0.42475399648563794 -4.170047647923324
1759783979.6352713 -3.8807562747697815 -0.35001476511596175 -4.154113671988794
1759783979.735213 -3.9271694512458284 -0.2757001190221345 -4.138150756535245
1759783979.8353775 -3.976526947533852 -0.19940921134924994 -4.145245735771686
1759783979.9353619 -4.028495041842505 -0.11781966265548756 -4.137496944136659
1759783980.035301 -4.0856982094850975 -0.029528481541288107 -4.134942944604298
1759783980.1352344 -4.145143130728562 0.06171127973116451 -4.13549813009468
1759783980.2353284 -4.204674485762024 0.15319471198556217 -4.133746483687725
1759783980.3352466 -4.26462739290264 0.24497388665774972 -4.13335791316093
1759783980.4352093 -4.323950976738354 0.33571263206644053 -4.1309699151619315
1759783980.5354004 -4.383694188830459 0.42661851412164997 -4.132500612774648
1759783980.6353362 -4.442854272485261 0.5169380238612004 -4.135359886322494
1759783980.735539 -4.500813856370801 0.6059791444686569 -4.134636199401104
1759783980.8352978 -4.558854732542429 0.6950041722856173 -4.134691621062932
1759783980.9352233 -4.617519739380522 0.7849974139143153 -4.138522099323795
1759783981.0353355 -4.675592475674416 0.874832424165897 -4.158266449405656
1759783981.1353395 -4.73120206658997 0.9647004393014756 -4.149932786011592
1759783981.2353163 -4.788648061059206 1.0558301025741477 -4.164762675507585
1759783981.3354032 -4.845409506878258 1.148905457359826 -4.159952942595259
1759783981.4353027 -4.902151418758875 1.2409499213683934 -4.159286945616689
1759783981.535268 -4.959264075867965 1.3334578153606278 -4.158676046269113
1759783981.6352167 -5.015566859763506 1.4245294111742834 -4.1570935260822015
1759783981.7352972 -5.067747163925425 1.5086348930722968 -4.134547615299619
1759783981.8353055 -5.118367180816718 1.586262528267501 -4.1072398074435
1759783981.935318 -5.169945897056999 1.6608281139528815 -4.1268533781204315
1759783982.0352259 -5.223322761162862 1.74132296311965 -4.120303861661315
1759783982.1352234 -5.280114032043268 1.825760935101176 -4.129831403295421
1759783982.235237 -5.339058173750528 1.9152288431567068 -4.136776785188518
1759783982.3352377 -5.39709844824487 2.0046708540352403 -4.132693416604003
1759783982.435379 -5.455685770007382 2.0941535653969385 -4.1232634454654224
1759783982.535239 -5.5123689110614285 2.1789717580996513 -4.105316393065753
1759783982.6352377 -5.565743894765988 2.255817804390362 -4.09076102488071
1759783982.7353425 -5.621204381449382 2.3332366277298626 -4.092373824593907
1759783982.8353012 -5.678848446805625 2.4139783152754464 -4.090513482935697
1759783982.9353375 -5.739493385762022 2.4985900087743174 -4.086567603557503
1759783983.0352263 -5.800381759503553 2.5828372751273942 -4.08523575283759
1759783983.135238 -5.861457267212344 2.66710683142567 -4.0642055397201275
1759783983.235236 -5.924282807516206 2.7500621434644725 -4.02692850730508
1759783983.3353443 -5.9902290319137395 2.8307073445031725 -4.031544616121555
1759783983.4352758 -6.0556864101905985 2.9115130515611343 -4.024688206680888
1759783983.5352492 -6.121724000395607 2.991901801627864 -4.017773376959863
1759783983.6353736 -6.188416408380932 3.0719526566252338 -4.014686209180209
1759783983.7352664 -6.255200853794251 3.151612625659448 -4.007027756848339
1759783983.8353374 -6.322713560797828 3.2308999075886136 -4.009140365961664
1759783983.9352472 -6.389950150522997 3.3102017135435156 -4.038336225538736
1759783984.035243 -6.454899033871307 3.3915024524265696 -4.0560577125442885
1759783984.1353087 -6.514385097121838 3.468732704832762 -4.059170867984662
1759783984.2352498 -6.574713390457506 3.5475628447678487 -4.059226390783888
1759783984.3352509 -6.637990196198875 3.6302552774748214 -4.061587527835437
1759783984.435227 -6.703316696344083 3.7160452863789435 -4.0561443867409
1759783984.5352542 -6.769142926874314 3.8015222483182383 -4.054088269524147
1759783984.63521 -6.83509757348872 3.886802658947659 -4.056281743980807
1759783984.7352557 -6.9009241415937685 3.9723043512206546 -4.05906079069595
1759783984.8352182 -6.966458292432735 4.057917384489246 -4.060865668757765
1759783984.9353688 -7.03196084859703 4.143809890791629 -4.057610774858981
1759783985.035218 -7.097544685672609 4.22923092413933 -4.068150415295376
1759783985.135298 -7.1623740894475425 4.315537457234915 -4.06245141450629
1759783985.235228 -7.227596419456136 4.401344357311866 -4.062284864445543
1759783985.3353512 -7.292959112235426 4.487306197888376 -4.054886874725245
1759783985.4352305 -7.358795185635328 4.572573916756608 -4.052306660425932
1759783985.5353634 -7.425018819960463 4.657887615011159 -4.050804666326509
1759783985.6352966 -7.491238128986378 4.742931722216431 -4.049277909905365
1759783985.7352333 -7.556624156364808 4.826641697043433 -4.050471598590207
1759783985.8354194 -7.621181836739429 4.90949486578248 -4.0477999689377056
1759783985.9352598 -7.687303850504632 4.993889671735278 -4.0474949010450985
1759783986.0352464 -7.750418552658439 5.074395495622053 -4.0885727095444935
1759783986.1352684 -7.7980974141238715 5.140645022376142 -4.128720459590895
1759783986.2352476 -7.842043741515018 5.207187585848933 -4.135607912875447
1759783986.3353696 -7.886482953520444 5.275494919074147 -4.135051679667838
1759783986.4354262 -7.930931133370742 5.343732970745444 -4.139415261459464
1759783986.5352113 -7.974961303379839 5.411978599286739 -4.134176544424653
1759783986.6353405 -8.019501424439076 5.480227128893063 -4.135622854032528
1759783986.7356029 -8.064001943729322 5.548630933148554 -4.135010139306364
1759783986.8352897 -8.108288677068098 5.6166149524627205 -4.141295950153052
1759783986.935336 -8.152305385800801 5.685122198355244 -4.12348213357921
1759783987.0352094 -8.19745716851426 5.752717360489775 -4.084698001653288
1759783987.1353068 -8.245303083898968 5.818658596026227 -4.0835580033142005
1759783987.2353315 -8.293189327915822 5.884497379857237 -4.078723476278681
1759783987.335263 -8.341348385001833 5.950042743460808 -4.0759753606348115
1759783987.4353337 -8.389754737908138 6.0155466539385465 -4.073862756741164
1759783987.5352192 -8.449774425284664 6.096407868722491 -4.073918248643537
1759783987.6352684 -8.512913253484804 6.181481193796823 -4.073612542513992
1759783987.7353437 -8.577294481056553 6.268173138212037 -4.0694427408915494
1759783987.8355296 -8.642108204034013 6.354691407112438 -4.065268329843519
1759783987.9353497 -8.7070446015846 6.440623514540066 -4.061109157715428
1759783988.0355601 -8.772593135835226 6.526619728714367 -4.0569337234543905
1759783988.1365154 -8.838990026917793 6.612978632336747 -4.052727255043489
1759783988.2352726 -8.904296117270633 6.697183382038216 -4.048612369163827
1759783988.3357008 -8.971058888914417 6.782538762743087 -4.044427865063216
1759783988.4353309 -9.037644924390442 6.866938032307264 -4.040276610418301
1759783988.535595 -9.105006666384728 6.9515954361837595 -4.0360989409832175
1759783988.6354315 -9.17243278218405 7.035610945877317 -4.0319390834017526
1759783988.7352197 -9.240174950041043 7.119304653548261 -4.027781242443982
1759783988.8353362 -9.30848853062697 7.202990400060157 -4.023609722221051
1759783988.9354537 -9.377151266653811 7.28639124222392 -4.019438162261693
1759783989.035224 -9.445922037149757 7.369216748552128 -4.015281066361938
1759783989.1354322 -9.51533992702171 7.452117985303983 -4.011105721507862
1759783989.2352827 -9.584854211180293 7.534433635375458 -4.006945287748199
1759783989.335279 -9.65481244286493 7.616579229118039 -4.00277877431513
1759783989.4353526 -9.72516663402942 7.698495860900467 -3.998609042231436
1759783989.535315 -9.79578329627544 7.7800278047880775 -3.9944439394415436
1759783989.6353047 -9.866758226717883 7.861287004965831 -3.990277704163468
1759783989.7355902 -9.938282105660905 7.942489377967992 -3.986099140658766
1759783989.8353193 -10.00974591417722 8.022943258690603 -3.9819437633594994
1759783989.9353812 -10.081783035501644 8.103366997212522 -3.977774518047042
1759783990.0354023 -10.154125348627753 8.183457051707602 -3.973606971466859
1759783990.1352553 -10.226678680760012 8.263110838400992 -3.96944642843202
1759783990.2354503 -10.299812338840708 8.34273377030686 -3.965271639887929
